occ	Longitude	Latitude	Current_bio_2	Current_bio_5	Current_bio_11	Current_bio_14	Future_bio02	Future_bio05	Future_bio11	Future_bio14
0	-130.400558	59.78507424	11.3876667	16.87999916	-15.98183346	19	10.69999981	20.39999962	-13.60000038	20.29999924
0	-151.900558	62.78507424	7.544166565	7.766999722	-15.52583313	23	6.5	9.600000381	-12	26.29999924
0	-116.400558	37.78507424	15.8708334	29.43199921	-1.025166631	12	15.89999962	32.79999924	1.600000024	11.5
0	-121.900558	55.28507424	9.554083824	18.06200027	-8.323666573	36	8.899999619	20.70000076	-6.099999905	38.5
0	-114.400558	34.78507424	15.01675034	42.55900192	11.98799992	2	15.10000038	45.90000153	14.19999981	1.799999952
0	-119.900558	39.78507424	16.79858398	30.5720005	-0.094999947	9	16.79999924	33.90000153	2.200000048	9
0	-116.900558	52.78507424	13.62366676	18.8939991	-9.611499786	22	13.19999981	22.70000076	-7.5	24.29999924
0	-111.900558	43.28507424	14.05583286	25.27099991	-6.297500134	28	13.80000019	29.39999962	-4.099999905	30.79999924
0	-114.400558	35.28507424	13.42366695	35.74700165	7.789833069	5	13.5	39.09999847	10	4.5
0	-150.400558	63.78507424	10.88033295	19.76399994	-17.36199951	21	9.899999619	21.70000076	-13.39999962	22.79999924
0	-119.900558	52.28507424	9.029833794	17.99399948	-8.311833382	57	8.600000381	21.89999962	-6.300000191	61
0	-116.400558	39.78507424	14.55116653	27.45999908	-2.163333416	20	14.5	31.29999924	0.400000006	20.79999924
0	-120.400558	40.78507424	17.07108307	29.54999924	-1.696666718	9	17	33.29999924	0.600000024	9
0	-114.400558	37.78507424	17.92041588	33.74499893	1.317999959	9	18	37.20000076	4	9.300000191
0	-110.400558	45.28507424	13.42991638	19.19599915	-8.204999924	40	13.10000038	23	-6	40.5
0	-130.400558	57.28507424	9.750666618	16.2859993	-9.633166313	32	9.300000191	20.39999962	-7.300000191	34.29999924
0	-112.900558	44.78507424	12.78366661	21.42099953	-7.302333355	15	12.5	25.39999962	-5.099999905	16
0	-118.900558	49.28507424	12.05108356	25.5720005	-4.855000019	31	12.19999981	30.79999924	-2.700000048	31.29999924
0	-109.900558	39.78507424	16.26875114	33.97800064	-4.552999973	12	16	37.5	-2.099999905	12
0	-123.400558	41.28507424	15.89566612	31.06900024	4.532833576	6	15.89999962	33.90000153	6.199999809	6.5
0	-123.400558	38.78507424	12.29174995	24.7140007	8.591166496	3	12.30000019	27	10.19999981	2.799999952
0	-121.900558	43.78507424	14.20400047	24.12999916	-2.383833408	21	14.39999962	28.20000076	-0.5	19
0	-130.400558	57.78507424	10.5852499	16.40999985	-10.90450001	21	10.10000038	20.39999962	-8.600000381	22.29999924
0	-117.900558	51.28507424	7.607583523	15.08399963	-10.16133308	94	7.400000095	19.60000038	-8.300000191	104.3000031
0	-123.900558	57.28507424	10.37041664	14.51500034	-13.27233315	28	9.699999809	17.29999924	-10.89999962	30.5
0	-121.400558	53.28507424	11.36358356	20.77499962	-7.183499813	51	10.80000019	24.20000076	-5.099999905	54
0	-118.900558	44.28507424	15.10441685	25.21999931	-2.947166681	17	15.30000019	30.10000038	-0.5	14.80000019
0	-135.900558	60.28507424	10.50524998	16.90799904	-13.39233303	13	9.800000191	19.70000076	-10.89999962	14
0	-150.400558	60.28507424	7.687916756	15.90499973	-6.562333584	40	7.099999905	18.70000076	-3.200000048	46
0	-118.900558	46.28507424	12.93133354	30.82299995	1.808166623	7	13.19999981	36.29999924	4.199999809	6.5
0	-147.400558	64.28507424	10.63283348	20.96800041	-18.61683273	9	9.800000191	23	-14.89999962	9.800000191
0	-132.400558	59.28507424	10.11291695	17.48800087	-13.2543335	20	9.5	21	-10.80000019	20.5
0	-143.400558	62.78507424	10.83399963	18.71500015	-18.69533348	9	10	21.29999924	-15.80000019	9.5
0	-122.400558	51.78507424	11.88833332	25.7140007	-6.100833416	13	11.5	29.29999924	-4	14.5
0	-126.400558	51.28507424	9.046833038	15.62899971	-4.013333321	72	9	19.39999962	-1.899999976	60
0	-116.400558	46.28507424	14.29024982	28.71100044	-1.516333342	28	14.5	34	0.699999988	24.79999924
0	-120.900558	52.78507424	10.06200027	18.54899979	-7.532666683	57	9.5	22.10000038	-5.400000095	60.29999924
0	-120.400558	38.78507424	15.05958366	28.4489994	2.325666666	8	15.10000038	31.39999962	4.5	7.800000191
0	-109.400558	45.28507424	14.85833359	27.69099998	-4.261166573	21	14.60000038	31.5	-2	23.29999924
0	-119.900558	39.28507424	13.81299973	25.13100052	-1.982666731	11	13.80000019	28.20000076	0.300000012	12
0	-121.900558	42.78507424	15.54658318	26.56999969	-2.016333342	11	15.69999981	30.39999962	0	10.30000019
0	-118.900558	51.28507424	9.602999687	23.13100052	-5.369166851	68	9.399999619	27.5	-3.400000095	71.80000305
0	-122.900558	43.28507424	13.11741638	27.71999931	4.387833595	18	13.19999981	31.20000076	6.199999809	15.80000019
0	-114.400558	47.78507424	12.21049976	27.39699936	-3.184499979	31	12.19999981	32.29999924	-1	31.79999924
0	-114.900558	49.28507424	11.80291653	21.79100037	-8.120166779	46	11.69999981	26.60000038	-6	45.79999924
0	-116.400558	48.78507424	12.40450001	27.93000031	-2.085833311	29	12.39999962	33.09999847	0.100000001	25.5
0	-114.900558	36.28507424	14.49174976	39.5870018	8.232000351	3	14.5	43	10.69999981	3
0	-143.900558	60.28507424	7.330666542	15.18900013	-5.696833134	112	6.900000095	16.89999962	-3.599999905	115.8000031
0	-136.400558	60.78507424	11.86991692	19.74600029	-15.47949982	6	11.19999981	22.20000076	-13	5.5
0	-129.400558	57.28507424	10.15733337	14.89700031	-11.20599937	30	9.600000381	19.60000038	-8.899999619	32.29999924
0	-133.900558	58.78507424	7.524166584	14.21000004	-9.177666664	53	7.099999905	17.39999962	-6.900000095	57
0	-118.900558	47.78507424	13.09933376	29.44300079	-2.382166624	14	13.30000019	34.79999924	-0.100000001	12.5
0	-118.900558	43.78507424	14.41300011	25.24699974	-3.033499956	15	14.5	30	-0.600000024	13.80000019
0	-117.400558	35.28507424	16.55550003	38.04600143	7.61433363	1	16.70000076	41.09999847	9.699999809	1
0	-110.900558	43.28507424	14.72966671	23.27600098	-8.572333336	33	14.5	27.29999924	-6.400000095	37.29999924
0	-141.900558	62.28507424	11.61499977	17.2159996	-19.81733322	19	11	19.60000038	-17.10000038	21.29999924
0	-112.900558	46.78507424	14.00549984	24.97100067	-5.497166634	23	13.80000019	29.29999924	-3.299999952	25
0	-115.400558	51.78507424	13.78050041	19.19000053	-8.912333488	23	13.39999962	23	-6.900000095	25.5
0	-110.400558	37.28507424	15.39949989	37.1780014	2.503499985	5	15.5	40.70000076	5.199999809	4.800000191
0	-120.900558	54.78507424	9.974916458	19.2670002	-7.236000061	34	9.300000191	22	-5	37
0	-146.400558	63.28507424	8.867500305	15.67199993	-16.46483421	7	7.900000095	17.89999962	-13.10000038	7.800000191
0	-121.400558	47.78507424	8.84125042	20.42000008	-2.461666584	45	9.100000381	25.29999924	-0.400000006	37.29999924
0	-145.400558	61.78507424	12.11191654	18.98500061	-17.20899963	10	11.39999962	21.10000038	-14.39999962	11
0	-123.400558	48.78507424	7.351822853	20.97500038	4.770312309	21	7.5	25.20000076	6.800000191	16.79999924
0	-123.900558	42.78507424	12.31908321	25.90800095	5.378666878	14	12.39999962	28.89999962	7	12.30000019
0	-132.900558	54.78507424	5.01490736	15.96000004	2.827592611	118	5	18.60000038	4.699999809	111
0	-151.900558	63.78507424	11.99758339	23.25499916	-21.10200119	12	11	25.10000038	-16.89999962	13
0	-115.400558	33.28507424	16.24900055	42.24300003	14.20283318	1	16.20000076	45.09999847	16.29999924	0.800000012
0	-112.900558	42.78507424	14.36183357	30.52000046	-3.055666685	16	14.10000038	34.40000153	-0.699999988	18
0	-107.900558	37.78507424	15.32891655	19.11599922	-8.538833618	38	15.19999981	22.39999962	-6	37
0	-125.400558	54.78507424	10.0809164	20.19799995	-9.286000252	23	9.5	23.29999924	-7.099999905	23.5
0	-110.900558	37.78507424	15.96325016	36.25	1.256500006	7	16	39.79999924	3.900000095	6.800000191
0	-153.900558	60.28507424	9.673583031	16.08399963	-9.735833168	33	8.800000191	18.5	-5.699999809	36
0	-146.400558	61.28507424	8.23516655	9.342000008	-13.28533363	31	7.5	11.5	-10.5	34.29999924
0	-121.400558	44.78507424	14.86024952	30.10199928	0.977333307	14	15.10000038	34.59999847	3	12.5
0	-123.400558	54.78507424	10.74116611	20.75899887	-9.416167259	28	10.10000038	23.5	-7.199999809	29.79999924
0	-131.400558	59.28507424	10.79216671	16.05500031	-14.72233391	20	10.19999981	19.60000038	-12.30000019	20.5
0	-117.900558	51.78507424	8.975000381	15.75500011	-10.61533356	72	8.699999809	20	-8.699999809	78.30000305
0	-132.900558	60.78507424	12.1817503	19.86000061	-18.11733246	10	11.5	23.29999924	-15.60000038	11
0	-112.900558	54.28507424	12.30133343	22.37199974	-14.56783295	16	11.69999981	25.29999924	-12	17
0	-115.900558	38.28507424	19.54733276	35.49200058	-0.59583354	10	19.5	39	2	10
0	-111.900558	35.78507424	17.61958313	29.08500099	-1.33099997	11	17.79999924	32.5	1.100000024	11
0	-122.400558	39.28507424	15.9460001	35.44400024	8.295332909	1	16	38.29999924	10.10000038	1
0	-122.400558	41.78507424	17.33708382	32.87799835	2.509833336	9	17.39999962	36.20000076	4.400000095	9
0	-116.400558	43.78507424	15.12749958	33.10499954	-0.334000081	9	15.10000038	37.70000076	2.099999905	9
0	-118.900558	36.78507424	13.0482502	27.60499954	2.506000042	3	13.10000038	30.39999962	4.699999809	3.5
0	-114.400558	46.28507424	14.52941704	23.15299988	-7.110000134	25	14.5	28	-5	26
0	-148.900558	62.78507424	9.678416252	18.0529995	-12.63183403	22	8.600000381	20.10000038	-8.899999619	24.29999924
0	-120.400558	42.28507424	15.02158356	28.28800011	-1.407333374	12	15.10000038	32.29999924	0.800000012	12
0	-116.900558	51.78507424	11.22558308	15.22599983	-12.51500034	58	10.89999962	19.29999924	-10.60000038	64.5
0	-142.900558	60.78507424	9.132166862	12.0340004	-13.1928339	67	8.600000381	13.89999962	-11	71.80000305
0	-117.400558	37.78507424	15.94083309	33.19900131	0.949666679	7	15.89999962	36.5	3.5	6.800000191
0	-115.400558	46.78507424	14.20258331	26.18199921	-4.494666576	26	14.30000019	31.29999924	-2.400000095	24
0	-115.400558	36.78507424	17.15324974	36.29800034	4.847833157	5	17.20000076	39.70000076	7.300000191	5.300000191
0	-122.900558	54.78507424	10.62899971	21.24900055	-8.568333626	27	10	23.89999962	-6.400000095	29.5
0	-116.400558	34.78507424	17.87416649	40.89500046	9.890500069	1	17.89999962	44	12	1
0	-117.400558	50.78507424	8.657917023	18.6609993	-8.945333481	79	8.5	23.20000076	-6.900000095	83
0	-114.900558	37.28507424	17.42149925	34.28300095	2.749166489	8	17.39999962	37.70000076	5.300000191	8
0	-152.400558	62.28507424	10.00024986	16.47699928	-12.90583324	21	9	18.5	-8.899999619	22.79999924
0	-116.900558	37.28507424	16.22408295	33.59700012	2.489499807	7	16.20000076	36.79999924	5	6.800000191
0	-116.900558	38.28507424	15.83983326	29.24399948	-1.233666539	11	15.89999962	32.70000076	1.399999976	11.30000019
0	-115.900558	30.78507424	14.20991611	29.70400047	12.22266674	1	14.19999981	31.79999924	14.10000038	0.800000012
0	-133.400558	61.28507424	11.7440834	18.7329998	-17.68199921	8	11	22	-15.10000038	8.5
0	-128.400558	54.78507424	8.620249748	17.57299995	-5.946499825	61	8.300000191	20.89999962	-3.700000048	64.30000305
0	-119.900558	43.78507424	15.11533356	27.7859993	-1.980333209	14	15.30000019	32.40000153	0.300000012	13
0	-110.900558	40.78507424	12.77991676	20.00099945	-6.510166645	34	12.5	23.70000076	-4.099999905	35
0	-151.400558	62.28507424	10.87391663	19.3239994	-13.01916695	24	9.899999619	21.39999962	-9.100000381	26
0	-114.400558	51.28507424	14.06966686	21.59700012	-8.73116684	11	13.69999981	25.5	-6.599999905	12.5
0	-114.900558	29.78507424	16.98150063	35.31999969	12.89433384	0	17	37.29999924	14.80000019	0
0	-117.900558	49.28507424	10.28891659	22.8010006	-4.908166885	45	10.39999962	28	-2.799999952	43.5
0	-114.900558	41.28507424	16.67550087	28.64699936	-4.184166431	16	16.60000038	32.70000076	-1.700000048	16.29999924
0	-119.900558	51.78507424	9.088832855	16.54400063	-8.896333694	65	8.699999809	20.60000038	-6.900000095	69.30000305
0	-123.900558	54.78507424	11.04583359	20.42199898	-10.01900005	25	10.39999962	23.20000076	-7.800000191	27.5
0	-118.400558	37.78507424	15.46275043	22.9470005	-2.602999926	18	15.5	25.79999924	-0.100000001	17.29999924
0	-115.400558	35.78507424	14.86524963	37.76800156	7.124166489	3	14.89999962	41.09999847	9.5	3
0	-119.900558	44.28507424	15.10608292	26.79899979	-2.738166809	17	15.30000019	31.60000038	-0.5	14.5
0	-118.900558	48.78507424	12.4974165	25.35000038	-5.140500069	27	12.69999981	30.79999924	-3	25.79999924
0	-119.400558	45.28507424	14.62250042	28.43099976	0.367166668	13	14.89999962	33.5	2.700000048	11.30000019
0	-135.900558	59.28507424	7.822416782	17.15800095	-7.259833336	47	7.300000191	19.79999924	-4.900000095	49.29999924
0	-116.400558	48.28507424	11.85341644	27.36300087	-1.280333281	33	11.89999962	32.59999847	0.899999976	29.5
0	-114.400558	41.78507424	15.80200005	28.79400063	-4.092333317	19	15.69999981	32.5	-1.600000024	20.5
0	-123.400558	52.28507424	15.25274944	22.37599945	-9.673000336	11	14.89999962	26.20000076	-7.599999905	12.30000019
0	-135.900558	57.78507424	5.903250217	16.47599983	-0.739499986	95	5.699999809	18.79999924	1.299999952	93.30000305
0	-112.400558	45.28507424	15.10516644	27.14699936	-4.509333134	7	14.80000019	31	-2.299999952	7.800000191
0	-125.900558	55.28507424	10.48591709	16.63800049	-10.95583344	27	9.899999619	19.79999924	-8.800000191	28.79999924
0	-129.900558	54.28507424	6.657416344	17.14999962	-1.277833343	96	6.5	20.39999962	0.800000012	87.80000305
0	-118.400558	48.78507424	11.33508301	22.83600044	-5.208000183	34	11.5	28.29999924	-3	31.79999924
0	-122.900558	45.78507424	11.22966671	25.9489994	4.484833241	21	11.39999962	29.60000038	6.199999809	18
0	-118.900558	55.78507424	11.76633263	22.25699997	-12.42383385	18	11.19999981	24.89999962	-10	18.5
0	-110.400558	44.28507424	15.90674973	21.71199989	-9.644165993	41	15.69999981	25.60000038	-7.5	41
0	-138.400558	60.78507424	11.36616611	17.74099922	-16.66283226	18	10.60000038	19.10000038	-14.19999981	18.79999924
0	-138.400558	60.28507424	9.575666428	11.81000042	-14.64983368	35	8.800000191	12.89999962	-12.30000019	37.29999924
0	-113.900558	47.28507424	12.07800007	21.07900047	-7.297500134	33	12	25.79999924	-5.099999905	32.29999924
0	-113.900558	35.78507424	15.49341679	32.12599945	3.636166573	8	15.60000038	35.5	5.900000095	8
0	-120.400558	47.28507424	10.69950008	22.45299911	-4.468166828	18	11	27.60000038	-2.299999952	15.5
0	-121.900558	43.28507424	15.13774967	24.97599983	-2.720000029	18	15.30000019	29	-0.800000012	17.29999924
0	-115.400558	45.78507424	16.16975021	25.98999977	-4.303500175	33	16.29999924	31	-2.200000048	30.5
0	-142.400558	60.78507424	9.227833748	12.40200043	-14.00150013	69	8.699999809	14.19999981	-11.69999981	74
0	-128.900558	56.28507424	9.42408371	16.77300072	-8.659832954	41	8.899999619	20.5	-6.300000191	42.79999924
0	-149.900558	64.28507424	11.6137495	22.35899925	-19.97066689	11	10.69999981	24.29999924	-16	12.30000019
0	-119.900558	42.28507424	14.4385004	28.22800064	-0.552833378	11	14.5	32.29999924	1.799999952	11.30000019
0	-117.400558	54.78507424	12.16008377	21.90800095	-9.89533329	20	11.60000038	24.5	-7.599999905	21.5
0	-124.900558	49.28507424	9.658916473	24.03800011	2.432833195	31	9.699999809	27.70000076	4.199999809	26
0	-113.900558	46.28507424	14.28566647	21.95499992	-6.749333382	23	14.19999981	26.60000038	-4.599999905	24.79999924
0	-111.900558	36.28507424	14.93125057	34.67200089	3.096333265	6	15.10000038	38.09999847	5.5	5.800000191
0	-123.400558	56.78507424	10.28999996	15.88199997	-11.89000034	31	9.699999809	18.60000038	-9.600000381	33.79999924
0	-140.900558	62.78507424	12.1619997	20.30200005	-23.54166603	10	11.5	22.89999962	-20.70000076	10.80000019
0	-132.900558	56.78507424	5.940437317	16.48360634	-1.417213082	138	5.800000191	20	0.899999976	141.3000031
0	-118.900558	34.28507424	14.76833344	31.16799927	12.63199997	0	14.89999962	33.70000076	14.5	0
0	-126.900558	53.28507424	9.761499405	17.83399963	-5.801333427	56	9.399999619	21.29999924	-3.700000048	54.5
0	-110.400558	35.28507424	17.76958275	33.10599899	1.881333351	6	17.89999962	36.5	4.300000191	6.5
0	-109.400558	38.28507424	15.51341629	32.11000061	-1.322499871	13	15.39999962	35.5	1.299999952	12.5
0	-134.400558	57.78507424	6.055166721	14.98499966	-3.577833414	129	5.800000191	17.60000038	-1.399999976	130.3000031
0	-118.400558	46.78507424	13.27325058	31.06500053	0.367999941	11	13.5	36.5	2.799999952	9
0	-114.900558	33.28507424	16.33566666	43.22000122	13.92883301	1	16.29999924	46	16	1
0	-138.400558	61.78507424	12.45941639	17.96699905	-20.4608326	9	11.69999981	20	-17.79999924	9.800000191
0	-113.400558	52.78507424	11.89941692	21.88500023	-10.88166714	17	11.39999962	25.29999924	-8.5	18
0	-113.900558	39.28507424	17.3453331	34.33399963	-1.223999977	8	17.29999924	38.09999847	1.399999976	8
0	-118.400558	40.28507424	17.89366722	34.35400009	0.587000072	6	17.89999962	38.09999847	3.200000048	5.800000191
0	-124.900558	52.78507424	14.13774967	18.2310009	-9.662500381	23	13.80000019	21.79999924	-7.5	24.29999924
0	-126.900558	54.78507424	10.6762495	18.26600075	-8.195333481	29	10.10000038	21.5	-6	30.79999924
0	-122.900558	41.28507424	14.9730835	27.25499916	1.376333237	10	15	30.20000076	3.200000048	9.800000191
0	-117.400558	35.78507424	15.32408333	39.94499969	8.98116684	2	15.39999962	43	11.19999981	2
0	-125.400558	50.78507424	9.679416656	18.35199928	-2.956500053	56	9.600000381	22.10000038	-1	48
0	-139.400558	59.78507424	8.196743011	14.8770113	-8.158620834	140	7.599999905	16	-6	141.3000031
0	-110.400558	38.78507424	18.07466698	36.25600052	-1.800833344	7	18	39.79999924	0.800000012	7.300000191
0	-108.900558	44.28507424	15.24258327	28.05999947	-4.984499931	8	15	31.89999962	-2.799999952	9.5
0	-120.400558	40.28507424	18.10358429	32.47700119	0.903999984	7	18	36.09999847	3.200000048	7
0	-114.400558	29.78507424	15.93974304	36.74871826	16.16623878	0	NA	NA	NA	NA
0	-115.900558	34.28507424	16.15258408	40.33599854	11.0170002	1	16.20000076	43.40000153	13.10000038	0.800000012
0	-126.900558	58.28507424	11.24950027	17.32699966	-14.83383369	21	10.69999981	20.5	-12.5	23
0	-123.900558	51.78507424	15.18716717	21.81800079	-8.520667076	17	14.89999962	25.89999962	-6.400000095	18.5
0	-120.400558	42.78507424	15.86166668	29.00499916	-0.426833302	14	16	33.29999924	1.799999952	14
0	-137.400558	61.28507424	11.68891621	16.03499985	-17.45166588	11	10.89999962	17.89999962	-14.89999962	11.80000019
0	-123.400558	49.78507424	7.629583359	19.13999939	-1.708500028	59	7.699999809	23.29999924	0.300000012	51.29999924
0	-141.400558	61.28507424	9.362333298	8.654999733	-17.89383316	37	8.800000191	10.60000038	-15.5	40.5
0	-110.400558	42.28507424	15.06458378	24.31999969	-8.176833153	19	14.80000019	28.10000038	-5.900000095	20.29999924
0	-109.400558	39.28507424	14.56591702	32.19499969	-1.810166717	18	14.30000019	35.59999847	0.699999988	17.29999924
0	-148.900558	64.78507424	11.60449982	23.06200027	-21.26449966	7	10.80000019	25	-17.29999924	7.800000191
0	-148.900558	63.28507424	9.388583183	15.76000023	-14.38000011	17	8.399999619	17.79999924	-10.69999981	18.79999924
0	-113.900558	51.28507424	12.76550007	22.36899948	-8.563666344	10	12.5	26.29999924	-6.400000095	11
0	-113.900558	39.78507424	14.23366642	26.48200035	-2.809000015	23	14.19999981	30.39999962	-0.200000003	23.79999924
0	-127.900558	56.78507424	10.47858334	16.27700043	-11.64116669	27	9.899999619	20.10000038	-9.399999619	29
0	-122.900558	52.28507424	13.52308369	21.38199997	-8.775166512	14	13.10000038	25.20000076	-6.699999809	15
0	-149.900558	59.78507424	6.323453426	12.52164936	-4.139518738	56	5.800000191	15.30000019	-1	62.5
0	-132.900558	59.78507424	10.16300011	17.11700058	-14.64716625	13	9.5	20.79999924	-12.19999981	13.80000019
0	-150.400558	61.28507424	9.45221138	19.33265305	-8.820407867	34	8.699999809	21.79999924	-5.199999809	37.29999924
0	-121.400558	50.78507424	11.18608379	23.01499939	-5.579833508	15	11	27.29999924	-3.5	16.5
0	-118.400558	52.78507424	10.11091614	14.75199986	-10.90133286	51	9.699999809	18.60000038	-8.899999619	55.29999924
0	-120.900558	55.78507424	10.71166706	21.37000084	-10.91699982	21	10.10000038	24	-8.600000381	23
0	-135.400558	61.78507424	13.0894165	20.42099953	-18.70983315	5	12.39999962	23.39999962	-16.10000038	5
0	-111.400558	37.78507424	14.88733387	32.64300156	0.027833303	10	14.89999962	36.20000076	2.700000048	9.5
0	-116.900558	52.28507424	11.96758366	14.88899994	-13.03366661	49	11.60000038	18.79999924	-11	55
0	-110.900558	54.28507424	11.76474953	22.8220005	-14.65666676	14	11.30000019	25.89999962	-12	15
0	-128.400558	58.28507424	10.70541668	15.96800041	-15.18483353	20	10.10000038	19.79999924	-12.89999962	21.29999924
0	-113.400558	38.78507424	17.05133247	33.97700119	-0.170499876	11	17.10000038	37.70000076	2.400000095	10.5
0	-111.400558	45.78507424	14.74524975	28.5720005	-3.837333202	11	14.5	32.59999847	-1.600000024	11.80000019
0	-115.400558	51.28507424	12.48566628	18.02499962	-10.00949955	33	12.19999981	22	-8	36.29999924
0	-122.400558	53.28507424	11.34574986	21.73900032	-7.179999828	33	10.80000019	25.20000076	-5.099999905	35.29999924
0	-123.400558	44.78507424	11.82433319	26.91600037	4.853332996	16	12	30.29999924	6.5	14
0	-120.400558	52.78507424	9.271082878	16.45000076	-8.762666702	58	8.800000191	20.10000038	-6.699999809	61.79999924
0	-112.400558	39.78507424	16.22699928	32.70399857	-1.434833407	20	16.10000038	36.5	1.100000024	18.79999924
0	-114.900558	36.78507424	15.94666672	39.81499863	7.57316637	3	16	43.20000076	10	3.299999952
0	-118.400558	50.28507424	9.541666985	21.56100082	-5.668499947	69	9.5	26.39999962	-3.599999905	64.30000305
0	-115.900558	45.28507424	16.11483383	22.65200043	-6.794333458	28	16.20000076	27.60000038	-4.599999905	25.5
0	-120.900558	46.78507424	11.8496666	26.1079998	-2.208666563	11	12.10000038	31.10000038	-0.200000003	9.300000191
0	-109.400558	43.78507424	12.55766678	17.04899979	-8.513667107	28	12.30000019	20.89999962	-6.400000095	30.29999924
0	-149.400558	64.78507424	11.80591679	23.36599922	-21.4980011	7	11	25.29999924	-17.5	8
0	-120.900558	54.28507424	10.15166664	18.70000076	-8.266166687	46	9.5	21.60000038	-6.099999905	49.29999924
0	-117.400558	52.78507424	12.74008369	16.81500053	-11.22383308	34	12.39999962	20.60000038	-9.199999809	36.5
0	-122.900558	42.28507424	15.24775028	31.72299957	4.597167015	9	15.30000019	35	6.400000095	8.5
0	-128.400558	60.28507424	11.87166691	19.87199974	-20.2298336	19	11.30000019	23	-17.89999962	20
0	-119.400558	50.78507424	10.89716625	24.79500008	-4.160333633	41	10.69999981	29.29999924	-2.099999905	43.29999924
0	-120.400558	43.78507424	16.59016609	28.40099907	-1.606666684	14	16.79999924	33	0.600000024	13
0	-153.900558	59.78507424	10.13599968	18.58699989	-8.842166901	41	9.300000191	21	-4.900000095	45.5
0	-120.400558	46.78507424	13.66224957	30.51099968	-1.56949985	7	14	35.59999847	0.5	6
0	-124.400558	52.28507424	15.71208286	21.9810009	-9.912500381	14	15.39999962	25.79999924	-7.800000191	14.5
0	-122.900558	54.28507424	10.95716667	21.63100052	-8.35866642	30	10.30000019	24.5	-6.199999809	32
0	-111.900558	41.28507424	13.92058372	27.71700096	-4.414000034	25	13.69999981	31.60000038	-2	27.29999924
0	-116.400558	32.28507424	15.1048336	32.56600189	10.37683296	1	15.10000038	34.90000153	12.30000019	1.299999952
0	-121.400558	48.78507424	9.589166641	19.84000015	-4.063666821	54	9.899999619	24.79999924	-1.899999976	45
0	-110.900558	38.28507424	17.35441589	36.19599915	-0.364333302	7	17.29999924	39.79999924	2.299999952	7
0	-117.900558	40.28507424	17.20158386	33.31399918	0.814833343	8	17.20000076	37	3.400000095	8.300000191
0	-151.900558	61.78507424	9.189249992	15.8920002	-11.28916645	23	8.300000191	18	-7.5	25
0	-122.400558	54.78507424	10.15100002	19.52300072	-8.458167076	33	9.5	22.20000076	-6.199999809	35.5
0	-118.900558	38.78507424	17.49216652	29.08499908	-0.376333237	12	17.5	32.40000153	2	11.80000019
0	-137.400558	59.78507424	9.239916801	13.98999977	-11.88933372	34	8.5	15.30000019	-9.600000381	35.5
0	-118.400558	41.78507424	14.12841702	28.38100052	-1.657333255	11	14.10000038	32.29999924	0.899999976	11.30000019
0	-114.900558	32.28507424	16.84899902	40.62099838	13.35449982	1	16.79999924	43.20000076	15.30000019	0.800000012
0	-152.400558	62.78507424	10.40016651	17.6079998	-14.56566715	19	9.399999619	19.5	-10.39999962	21.5
0	-114.400558	50.28507424	12.17199993	20.66200066	-7.249499798	32	12	25	-5.099999905	33.5
0	-123.900558	56.78507424	10.45191669	15.96500015	-13.22233295	28	9.800000191	18.70000076	-10.89999962	31.5
0	-113.900558	53.78507424	11.45625019	22.06100082	-12.09266663	15	11	25.39999962	-9.699999809	15.5
0	-123.400558	51.28507424	12.37641716	16.63800049	-9.149167061	37	12.19999981	20.79999924	-7.099999905	38.5
0	-132.900558	58.28507424	7.924833298	14.94499969	-8.597833633	56	7.5	18.10000038	-6.300000191	60.79999924
0	-125.900558	50.78507424	8.817749977	18.44099998	-1.5321666	61	8.800000191	22.10000038	0.400000006	52.5
0	-109.900558	37.28507424	15.47325039	34.06000137	0.699999869	7	15.5	37.5	3.400000095	7.300000191
0	-123.900558	52.28507424	16.02033234	23.27099991	-10.64883327	13	15.69999981	27.10000038	-8.5	13.80000019
0	-121.900558	56.78507424	10.10191631	19.87100029	-11.55583382	20	9.5	22.5	-9.100000381	21.5
0	-147.400558	61.78507424	9.616999626	15.61699963	-14.92500019	14	8.800000191	17.89999962	-11.80000019	15.30000019
0	-133.400558	58.28507424	7.246250153	12.48799992	-8.141166687	70	6.900000095	15.60000038	-5.800000191	75.80000305
0	-113.400558	54.28507424	11.50941658	21.73900032	-13.43033314	16	10.89999962	24.79999924	-10.89999962	17.29999924
0	-117.900558	55.28507424	11.40233326	21.09199905	-11.08066654	23	10.80000019	23.70000076	-8.699999809	24.5
0	-112.400558	37.28507424	17.08241653	30.55900002	-0.508666754	12	17.20000076	34.20000076	2.099999905	12.30000019
0	-121.900558	41.28507424	15.76508331	28.63899994	1.10649991	8	15.80000019	32	3.099999905	8
0	-115.900558	37.78507424	18.13183403	33.6570015	0.24000001	10	18.10000038	37	2.900000095	9.5
0	-118.400558	38.78507424	17.93408394	33.32099915	1.206166625	9	17.89999962	36.70000076	3.700000048	9.300000191
0	-116.400558	41.78507424	16.59433365	31.4659996	-1.702999949	11	16.5	35.29999924	0.899999976	10.80000019
0	-116.900558	41.28507424	13.41716671	28.11300087	-2.153166533	14	13.39999962	31.79999924	0.400000006	14.5
0	-149.900558	63.78507424	10.97216702	20.33300018	-17.41483307	21	10	22.20000076	-13.5	23.79999924
0	-115.400558	44.28507424	15.96541691	22.57500076	-7.341166496	23	16	27.20000076	-5.099999905	22.5
0	-119.400558	43.28507424	15.86541653	30.0720005	-0.850666702	11	16	34.59999847	1.5	10
0	-114.900558	37.78507424	17.85516739	34.4640007	1.963500142	9	17.79999924	37.90000153	4.599999905	9.5
0	-130.900558	55.78507424	6.618833542	16.79800034	-2.522333384	110	6.400000095	20	-0.300000012	110.8000031
0	-123.400558	54.28507424	11.42533302	21.29599953	-9.272833824	29	10.80000019	24.29999924	-7.199999809	31.29999924
0	-111.400558	44.28507424	15.5170002	26.13599968	-8.52183342	35	15.19999981	29.89999962	-6.300000191	37.5
0	-131.900558	55.78507424	6.696416855	17.78100014	-0.719333351	152	6.599999905	20.60000038	1.399999976	149.5
0	-117.900558	44.78507424	15.36508369	28.5510006	-2.667000055	17	15.5	33.70000076	-0.200000003	14.80000019
0	-126.900558	57.78507424	10.73624992	15.59500027	-14.91616726	21	10.19999981	19	-12.60000038	21.79999924
0	-123.400558	46.28507424	10.59249973	22.88899994	4.732333183	38	10.69999981	26.39999962	6.400000095	32.29999924
0	-115.400558	53.28507424	13.40616703	21.22200012	-10.87716675	18	12.89999962	24.79999924	-8.699999809	20
0	-118.900558	34.78507424	14.50475025	31.15999985	6.297333241	1	14.60000038	33.79999924	8.199999809	1
0	-123.400558	39.28507424	14.74658298	27.73399925	7.593666553	2	14.80000019	30.10000038	9.199999809	2.299999952
0	-118.900558	38.28507424	19.40691757	27.28800011	-2.525000095	13	19.39999962	30.5	-0.100000001	13.30000019
0	-121.400558	41.78507424	16.35158348	30.64100075	0.452166706	8	16.39999962	34.29999924	2.5	8
0	-130.900558	58.28507424	11.01974964	18.27899933	-12.12366676	16	10.5	22	-9.800000191	17
0	-111.900558	42.28507424	15.27141666	29.8010006	-5.41449976	27	15	33.79999924	-3.099999905	29.29999924
0	-142.400558	62.28507424	10.19524956	13.07900047	-19.10366631	20	9.5	15.5	-16.39999962	22.5
0	-119.400558	46.78507424	13.60174942	32.5909996	0.436833382	5	13.80000019	37.70000076	2.700000048	4
0	-121.900558	37.78507424	13.68616676	30.41600037	8.949832916	1	13.80000019	32.90000153	10.69999981	1
0	-130.900558	57.28507424	9.451083183	15.05300045	-9.142666817	41	9	18.79999924	-6.800000191	44
0	-135.400558	61.28507424	12.27616692	19.08399963	-16.85516739	4	11.69999981	22.20000076	-14.30000019	3.5
0	-115.900558	48.28507424	12.68066692	27.13899994	-3.01816678	31	12.69999981	32.29999924	-0.899999976	28
0	-154.400558	60.28507424	10.14383316	18.50799942	-10.72383308	21	9.199999809	20.89999962	-6.5	23.5
0	-119.400558	51.28507424	9.886333466	20.77899933	-6.68900013	58	9.600000381	25.10000038	-4.699999809	61
0	-149.400558	62.28507424	8.924416542	16.9090004	-10.61533356	25	8	19	-7	28
0	-111.400558	54.28507424	12.15374947	22.69099998	-14.24349976	14	11.60000038	25.79999924	-11.60000038	15
0	-116.400558	35.78507424	16.36166573	41.07099915	10.32600021	2	16.39999962	44.29999924	12.60000038	1.799999952
0	-113.400558	39.28507424	14.10941696	31.43300056	-0.837333441	17	14.10000038	35.20000076	1.799999952	17.29999924
0	-115.400558	48.28507424	13.52158356	26.64699936	-4.303499699	33	13.5	31.70000076	-2.200000048	30.29999924
0	-118.400558	39.28507424	18.36066628	33.90399933	1.38500011	8	18.29999924	37.40000153	3.900000095	7.800000191
0	-117.400558	39.28507424	16.00183296	29.63599968	-0.875833273	15	16	33.20000076	1.700000048	15.5
0	-111.900558	45.78507424	14.49808311	27.81900024	-3.639833212	8	14.19999981	31.60000038	-1.399999976	9.5
0	-115.400558	49.78507424	10.9434166	19.43600082	-9.640999794	51	10.80000019	24.10000038	-7.599999905	51
0	-119.900558	42.78507424	16.25833321	29.84600067	-0.711666584	13	16.29999924	34.09999847	1.600000024	12.80000019
0	-121.900558	52.78507424	11.48858356	21.52199936	-7.042999744	38	11	25.10000038	-4.900000095	39.79999924
0	-118.900558	51.78507424	8.687832832	16.78800011	-9.599833488	73	8.399999619	21	-7.699999809	78.5
0	-141.400558	60.28507424	8.311750412	9.671999931	-11.57849979	110	7.800000191	11.10000038	-9.5	115.8000031
0	-129.900558	53.78507424	6.347064495	17.33409119	0.738825798	104	6.199999809	20.5	2.799999952	94.5
0	-137.900558	60.78507424	10.44458294	13.10400009	-15.88949966	23	9.600000381	14.39999962	-13.39999962	24.5
0	-117.400558	53.28507424	13.60025024	20.07600021	-8.60616684	20	13.19999981	23.70000076	-6.5	21
0	-107.900558	38.78507424	16.51066589	34.13199997	-0.785833359	15	16.29999924	37.40000153	1.600000024	15.30000019
0	-122.400558	50.78507424	10.21033287	20.07600021	-5.962333202	34	10	24.29999924	-3.900000095	35
0	-118.400558	50.78507424	8.627249718	19.67900085	-7.409666538	85	8.5	24.29999924	-5.400000095	80.5
0	-118.400558	49.28507424	11.16574955	24.70199966	-4.723333359	39	11.30000019	30	-2.599999905	36.79999924
0	-125.900558	51.78507424	11.00625038	13.63700008	-8.354332924	58	11	17.5	-6.199999809	50.29999924
0	-146.400558	61.78507424	10.89183331	15.96800041	-16.49300003	12	10.10000038	18.10000038	-13.5	12.80000019
0	-150.400558	61.78507424	10.90441704	20.14500046	-11.26850033	30	10	22.39999962	-7.599999905	33
0	-129.400558	53.78507424	6.811333656	17.58799934	-1.147666693	106	6.699999809	20.89999962	1	97.30000305
0	-119.400558	45.78507424	13.10991669	31.4090004	2.116166592	6	13.39999962	36.5	4.400000095	5
0	-117.900558	38.28507424	17.19241714	31.99699974	0.574499905	9	17.20000076	35.29999924	3.099999905	9
0	-117.900558	38.78507424	17.02933311	30.92300034	0.249333382	11	17	34.29999924	2.799999952	11.30000019
0	-147.400558	64.78507424	12.21566677	22.54400063	-21.39983368	9	11.39999962	24.5	-17.60000038	9.5
0	-110.400558	39.28507424	17.36183357	34.9280014	-2.355000019	11	17.20000076	38.5	0.200000003	10.80000019
0	-132.900558	56.28507424	5.923453808	16.97113419	-0.356013745	152	5.800000191	19.79999924	1.799999952	151.8000031
0	-133.900558	58.28507424	7.305250168	15.03299999	-5.77699995	105	7	18	-3.5	113
0	-116.400558	44.28507424	16.38483429	31.57600021	-2.9375	14	16.39999962	36.29999924	-0.600000024	12.5
0	-115.900558	51.78507424	12.66033363	15.49300003	-12.20699978	48	12.30000019	19.39999962	-10.19999981	53
0	-115.400558	43.28507424	15.49208355	28.4279995	-4.907999992	14	15.39999962	32.70000076	-2.5	14.5
0	-132.900558	59.28507424	9.459667206	16.30400085	-13.26516628	23	8.899999619	19.79999924	-10.80000019	25
0	-109.900558	45.78507424	14.94916725	29.86400032	-2.098666668	12	14.69999981	33.79999924	0.100000001	13.30000019
0	-114.900558	33.78507424	14.86366653	41.9980011	13.42199993	1	14.89999962	45	15.5	1
0	-123.400558	45.28507424	10.4899168	23.22800064	3.773166656	27	10.60000038	26.60000038	5.400000095	24
0	-115.400558	33.78507424	15.72616673	42.88700104	13.58383369	1	15.69999981	45.79999924	15.69999981	1
0	-122.400558	46.28507424	10.5425005	22.73500061	2.182500124	42	10.69999981	26.79999924	4	35.5
0	-114.400558	32.78507424	15.08191681	41.76300049	14.524333	1	15.10000038	44.5	16.60000038	1
0	-119.400558	53.28507424	9.647749901	15.94699955	-9.536166191	42	9.199999809	19.5	-7.5	46
0	-110.900558	45.28507424	14.07116604	26.5909996	-4.803999901	27	13.80000019	30.39999962	-2.599999905	29.29999924
0	-131.400558	58.78507424	11.06741714	18.44300079	-13.22599983	17	10.5	22	-10.89999962	18.29999924
0	-119.900558	54.78507424	10.60583305	20.50900078	-7.958166599	22	10	23.29999924	-5.800000191	23.5
0	-127.400558	53.78507424	9.619999886	15.40600014	-7.831500053	68	9.300000191	18.70000076	-5.699999809	69.5
0	-119.900558	44.78507424	14.87883377	29.94300079	0.730166733	13	15.10000038	34.79999924	3	11.80000019
0	-115.400558	29.78507424	16.14683342	33.0379982	14.05016613	0	16.20000076	35	15.89999962	0
0	-112.900558	39.28507424	17.138834	34.96099854	-1.538333297	11	17.10000038	38.79999924	1.100000024	11.5
0	-137.400558	62.28507424	12.4046669	18.4090004	-20.78299904	9	11.69999981	20.79999924	-18.10000038	9.5
0	-115.900558	33.28507424	13.07058239	38.40399933	14.08166695	1	13.10000038	41.20000076	16.10000038	1
0	-116.400558	36.28507424	17.89966583	40.4109993	8.180666924	2	17.89999962	43.70000076	10.5	2
0	-121.900558	40.78507424	16.12791634	30.35899925	3.612499952	7	16.10000038	33.5	5.599999905	6.800000191
0	-124.900558	51.78507424	13.24574947	17.18199921	-8.696499825	31	13.10000038	21.10000038	-6.599999905	32
0	-134.400558	58.78507424	7.391666889	12.49400043	-8.909667015	51	7	15.69999981	-6.599999905	54.79999924
0	-117.400558	38.78507424	14.68308353	24.24200058	-3.483333349	22	14.69999981	27.70000076	-0.899999976	22
0	-113.900558	31.78507424	16.76474953	39.27999878	13.95933342	0	16.70000076	41.79999924	15.89999962	0
0	-145.400558	60.78507424	8.700499535	13.59599972	-9.583499908	72	8.100000381	15.5	-7.099999905	78
0	-125.400558	57.28507424	11.01791668	19.04899979	-13.58666611	13	10.39999962	22.10000038	-11.30000019	14
0	-117.400558	52.28507424	11.2029171	14.09300041	-12.73933315	53	10.80000019	18	-10.80000019	58
0	-124.400558	49.78507424	7.126863956	21.72763062	3.598684072	45	7.099999905	25.70000076	5.599999905	38.29999924
0	-120.400558	50.28507424	12.53458309	26.08499908	-4.936666489	17	12.39999962	30.70000076	-2.799999952	18.5
0	-114.900558	46.28507424	14.9602499	25.10199928	-5.675833702	27	15	30	-3.599999905	25.29999924
0	-146.900558	63.28507424	8.413332939	14.73999977	-15.86433315	8	7.5	16.89999962	-12.69999981	8.5
0	-114.400558	40.28507424	18.14158249	32.20499802	-2.805333138	15	18.10000038	36.20000076	-0.200000003	14.80000019
0	-119.900558	37.28507424	15.67183304	36.05500031	8.023499489	1	15.80000019	39	10.10000038	1
0	-122.400558	45.28507424	10.72208309	26.46199989	4.839333534	27	10.89999962	30.39999962	6.699999809	22.79999924
0	-114.400558	50.78507424	14.28250027	22.03199959	-8.377666473	16	14	26.20000076	-6.300000191	18.29999924
0	-151.400558	61.28507424	9.675666809	19.00600052	-9.382666588	23	8.899999619	21.29999924	-5.599999905	25.5
0	-116.900558	50.28507424	10.13383293	21.37800026	-6.370833397	55	10	26.10000038	-4.300000191	56
0	-113.400558	54.78507424	11.7426672	22.02599907	-13.61583328	17	11.19999981	25	-11.10000038	19
0	-121.400558	49.28507424	9.520750046	21.16200066	-3.070833206	49	9.699999809	26	-0.899999976	41.29999924
0	-116.400558	31.78507424	14.30949974	30.31500053	11.22066689	1	14.30000019	32.5	13	1
0	-112.900558	47.28507424	12.08791637	20.90099907	-7.509166718	30	11.89999962	25.29999924	-5.199999809	33
0	-119.400558	44.28507424	15.16616631	26.91600037	-1.744666696	15	15.30000019	31.70000076	0.600000024	14
0	-116.900558	50.78507424	9.446249962	13.85900021	-11.69833374	74	9.300000191	18.39999962	-9.699999809	78.30000305
0	-118.400558	42.78507424	16.61141586	30.95299911	-0.356500059	8	16.60000038	35.29999924	2.200000048	8.5
0	-124.400558	55.28507424	10.82600021	18.82699966	-11.63216686	27	10.19999981	21.70000076	-9.399999619	28.79999924
0	-117.900558	54.78507424	11.95258331	21.52700043	-9.454166412	24	11.30000019	24.10000038	-7.099999905	26
0	-121.400558	47.28507424	8.037416458	20.98200035	-2.257499933	34	8.300000191	25.79999924	-0.200000003	29
0	-111.400558	44.78507424	13.64308357	20.12299919	-9.438833237	39	13.39999962	24	-7.199999809	41.29999924
0	-127.400558	57.28507424	10.83558369	15.96899986	-13.63883305	21	10.30000019	19.70000076	-11.39999962	22
0	-111.400558	38.28507424	15.50374985	29.81800079	-1.756833434	12	15.5	33.40000153	0.899999976	12.5
0	-131.900558	59.78507424	11.69683361	19.15399933	-16.03466606	15	11	22.79999924	-13.60000038	16.5
0	-115.900558	36.28507424	16.18558311	33.22700119	3.980833292	5	16.20000076	36.5	6.400000095	5.300000191
0	-127.400558	52.28507424	7.339785099	17.35698891	-1.102508903	97	7.199999809	20.89999962	1	86.30000305
0	-127.900558	55.78507424	10.13266659	18.39999962	-7.879333496	33	9.699999809	21.89999962	-5.599999905	35.29999924
0	-109.400558	43.28507424	14.42941666	22.27000046	-6.155499935	15	14.19999981	26.10000038	-4.099999905	15.80000019
0	-116.400558	42.78507424	15.01991653	29.13199997	-1.405166745	12	14.89999962	33.29999924	1.100000024	12
0	-118.900558	55.28507424	11.65766621	21.99500084	-12.92266655	17	11	24.60000038	-10.60000038	18.29999924
0	-127.900558	54.28507424	9.191332817	16.6989994	-6.460666656	66	8.800000191	20	-4.199999809	65.5
0	-125.900558	58.28507424	11.11308384	16.54800034	-14.78083324	23	10.60000038	19.60000038	-12.5	24.5
0	-114.400558	53.78507424	11.74975014	21.79599953	-11.26883316	17	11.19999981	25.20000076	-8.899999619	18.29999924
0	-138.400558	61.28507424	11.36833382	15.20899963	-17.6970005	16	10.60000038	16.89999962	-15.19999981	16.5
0	-119.400558	46.28507424	13.10008335	32.15399933	1.657333374	5	13.39999962	37.29999924	3.900000095	4
0	-115.900558	37.28507424	19.43766594	35.51799774	2.012499809	6	19.39999962	38.79999924	4.5	6
0	-127.400558	58.78507424	11.2755003	17.63299942	-15.73183346	18	10.80000019	20.89999962	-13.39999962	20
0	-119.900558	56.28507424	11.72141647	21.21100044	-13.67083359	19	11.10000038	23.79999924	-11.19999981	20.79999924
0	-123.900558	56.28507424	10.66658306	16.68499947	-12.11266708	26	10	19.5	-9.800000191	29.29999924
0	-124.400558	51.28507424	12.01766682	14.40299988	-9.803999901	46	11.89999962	18.39999962	-7.800000191	48.29999924
0	-118.900558	50.78507424	9.265749931	18.65399933	-7.524000168	75	9.199999809	23.29999924	-5.5	74
0	-123.400558	45.78507424	10.54600048	22.30500031	3.425499916	32	10.69999981	25.70000076	5.099999905	27.79999924
0	-137.400558	60.28507424	11.01025009	16.98500061	-14.39233303	18	10.19999981	18.39999962	-12	19.29999924
0	-111.900558	52.78507424	11.24791622	22.37299919	-11.92866707	11	10.80000019	26.20000076	-9.399999619	12
0	-127.900558	57.78507424	10.8734169	16.16200066	-13.72633362	23	10.30000019	20	-11.39999962	25
0	-121.400558	37.28507424	13.732584	32.70199966	7.879333496	2	13.80000019	35.20000076	9.699999809	2.299999952
0	-110.900558	41.78507424	16.54224968	27.28000069	-8.242666245	15	16.29999924	31.10000038	-5.900000095	16.5
0	-118.900558	46.78507424	13.37125015	31.08399963	0.043666679	7	13.60000038	36.5	2.400000095	6.300000191
0	-146.400558	64.78507424	12.56008339	21.62700081	-19.2159996	8	11.80000019	23.60000038	-15.19999981	8.800000191
0	-113.900558	45.78507424	15.66641617	23.35099983	-6.442833424	18	15.60000038	27.89999962	-4.300000191	20.5
0	-124.900558	58.28507424	10.63941669	14.10000038	-15.22833347	24	10.10000038	17	-12.80000019	26
0	-115.400558	32.28507424	14.09574986	36.30200195	13.9574995	1	14	38.79999924	15.89999962	0.800000012
0	-118.400558	36.28507424	13.51291656	23.83399963	-2.226666689	9	13.60000038	26.60000038	0	9
0	-127.900558	54.78507424	9.405500412	18.21500015	-6.399166584	45	9	21.5	-4.199999809	48
0	-125.400558	57.78507424	10.9333334	17.08699989	-14.32600021	21	10.39999962	20.10000038	-12	23.29999924
0	-120.900558	48.28507424	10.66141701	20.1970005	-6.052999973	41	10.89999962	25.29999924	-3.900000095	34.5
0	-114.900558	44.78507424	16.56775093	26.61499977	-5.563499928	23	16.5	31.20000076	-3.400000095	22
0	-113.400558	47.28507424	12.00316715	21.41300011	-7.124333382	35	11.80000019	26	-4.900000095	35.29999924
0	-122.900558	46.28507424	10.81575012	25.12100029	4.580833435	26	11	28.89999962	6.400000095	22.29999924
0	-119.400558	49.28507424	12.38883305	22.31100082	-6.450166702	32	12.5	27.5	-4.300000191	33.79999924
0	-128.400558	53.28507424	7.307666779	15.66499996	-3.282166719	100	7.099999905	18.89999962	-1.200000048	93.30000305
0	-117.900558	46.78507424	13.78566647	31.29500008	0.664499938	12	14	36.79999924	3.099999905	10.30000019
0	-118.400558	35.78507424	14.55716705	29.46100044	3.602333069	4	14.69999981	32.29999924	5.699999809	4.5
0	-116.400558	49.78507424	10.29458332	19.55500031	-8.611166954	53	10.30000019	24.39999962	-6.5	52.79999924
0	-119.400558	42.78507424	16.26958275	29.93199921	-1.002000093	11	16.39999962	34.29999924	1.399999976	11
0	-121.400558	46.28507424	10.30683327	21.70100021	-2.443833351	21	10.60000038	26.39999962	-0.5	17.29999924
0	-113.900558	38.78507424	15.99883366	30.93600082	-1.021500111	16	16	34.59999847	1.600000024	15.80000019
0	-110.900558	53.28507424	12.20083332	23.32600021	-13.98400021	12	11.80000019	26.89999962	-11.39999962	13
0	-132.400558	59.78507424	10.96908379	19.11000061	-15.28933334	13	10.30000019	22.79999924	-12.89999962	14.30000019
0	-148.400558	62.28507424	8.415082932	14.08100033	-13.01683331	20	7.5	16.29999924	-9.5	22
0	-111.900558	34.78507424	17.01799965	36.86800003	7.079833031	8	17.20000076	40.20000076	9.399999619	8
0	-121.400558	52.28507424	12.05183315	22.73699951	-5.810833454	30	11.60000038	26.5	-3.700000048	31.5
0	-118.900558	48.28507424	12.23724937	26.34399986	-3.761333466	20	12.5	31.70000076	-1.600000024	18.29999924
0	-116.400558	52.28507424	12.93416691	20.01099968	-8.907333374	19	12.60000038	23.89999962	-6.900000095	21.79999924
0	-121.900558	51.78507424	11.27366638	21.55699921	-6.510166645	20	10.89999962	25.5	-4.400000095	20.79999924
0	-134.400558	56.78507424	5.667720318	14.80229855	0.047126412	175	5.599999905	17.39999962	2.099999905	171.5
0	-121.900558	51.28507424	10.74250031	19.57500076	-6.453999996	25	10.39999962	23.70000076	-4.400000095	26.5
0	-120.900558	36.78507424	17.15075111	36.01900101	8.562000275	1	17.29999924	38.5	10.39999962	1
0	-129.400558	56.28507424	9.064916611	19.33699989	-7.144666672	42	8.600000381	23.5	-4.800000191	45.5
0	-116.900558	51.28507424	11.16958332	20.73999977	-9.112833023	45	10.89999962	25	-7.199999809	49.79999924
0	-110.400558	35.78507424	17.65950012	33.21300125	1.024666667	6	17.79999924	36.59999847	3.5	6
0	-119.900558	50.28507424	11.80391693	22.4489994	-6.251666546	33	11.69999981	27.10000038	-4.199999809	34.5
0	-124.900558	51.28507424	10.84749985	21.82699966	-4.010000229	36	10.69999981	25.79999924	-1.899999976	32.29999924
0	-121.400558	52.78507424	10.87633324	19.51000023	-7.24033308	51	10.39999962	23.10000038	-5.099999905	53.5
0	-145.400558	62.28507424	12.56883335	21.17700005	-18.26350021	6	11.80000019	23.5	-15.19999981	7
0	-126.900558	54.28507424	10.7484169	20.48800087	-6.638333321	27	10.19999981	23.79999924	-4.400000095	28.29999924
0	-122.900558	53.78507424	11.42150021	22.20199966	-7.819666862	30	10.80000019	25.5	-5.699999809	32
0	-113.400558	45.28507424	14.94849968	23.38699913	-8.093166351	11	14.80000019	27.70000076	-5.900000095	12
0	-112.400558	54.28507424	12.21783352	21.76900101	-12.96933365	15	11.69999981	24.89999962	-10.39999962	15.5
0	-118.400558	51.78507424	8.768333435	17.96199989	-8.954333305	76	8.5	22.29999924	-7	81.80000305
0	-120.400558	51.28507424	10.74316692	20.26199913	-7.497333527	40	10.39999962	24.5	-5.5	44
0	-144.900558	61.28507424	10.80616665	17.27899933	-14.25166702	36	10.19999981	19.29999924	-11.69999981	38.5
0	-122.400558	48.78507424	8.869417191	22.99600029	3.46483326	45	9.100000381	27.60000038	5.5	36.79999924
0	-115.400558	52.28507424	14.16800022	20.46899986	-8.916166306	19	13.80000019	24.29999924	-6.900000095	21.5
0	-122.400558	44.28507424	11.92500019	24.90299988	2.714999914	26	12.10000038	28.79999924	4.599999905	23.29999924
0	-149.400558	60.28507424	6.911583424	16.08500099	-4.750666618	49	6.300000191	19	-1.700000048	56
0	-117.400558	45.28507424	14.07316685	20.74600029	-5.752833366	23	14.30000019	26	-3.299999952	21
0	-120.900558	47.78507424	10.83533382	22.66300011	-3.826499939	26	11.10000038	27.70000076	-1.700000048	22
0	-147.900558	64.28507424	11.09449959	21.4090004	-19.20400047	8	10.19999981	23.39999962	-15.39999962	9
0	-131.900558	56.78507424	6.982500076	14.73900032	-5.941833496	101	6.699999809	17.70000076	-3.700000048	108
0	-111.900558	38.28507424	15.09691715	24.39100075	-5.755000114	23	15.10000038	28	-3.099999905	22.29999924
0	-119.400558	38.78507424	18.41016579	32.68899918	1.134833217	11	18.39999962	36	3.400000095	10.80000019
0	-113.400558	43.28507424	14.83033276	30.41799927	-5.898833275	16	14.60000038	34.29999924	-3.599999905	15.30000019
0	-135.400558	58.78507424	7.198750019	16.72200012	-4.865833282	60	6.800000191	19.60000038	-2.599999905	64.30000305
0	-111.900558	36.78507424	16.12391663	30.26000023	-0.928499997	11	16.20000076	33.79999924	1.600000024	11
0	-148.900558	60.28507424	6.011833191	11.13399982	-6.073500156	51	5.5	14	-3.299999952	55.5
0	-112.900558	38.28507424	16.36483383	29.75	-1.453500152	18	16.39999962	33.40000153	1.100000024	16.79999924
0	-117.900558	47.28507424	13.07075024	30.2859993	-0.650000036	14	13.30000019	35.79999924	1.700000048	12.80000019
0	-114.900558	44.28507424	16.58966637	24.05599976	-7.829833508	22	16.5	28.5	-5.599999905	22.5
0	-118.400558	52.28507424	9.768500328	17.0340004	-10.01000023	58	9.5	21.10000038	-8.100000381	62.29999924
0	-115.900558	54.28507424	12.37125015	21.24900055	-11.60716629	19	11.80000019	24.29999924	-9.300000191	20.5
0	-126.400558	49.78507424	8.247766495	20.55257797	2.852749109	73	8.300000191	23.79999924	4.599999905	60.5
0	-148.900558	60.78507424	7.273166656	15.27999973	-6.310667038	40	6.599999905	18	-3.200000048	44.29999924
0	-134.900558	58.78507424	7.430500031	15.92000008	-5.635499954	56	7	19	-3.400000095	60
0	-116.900558	46.78507424	12.35274982	27.18899918	-1.601666689	25	12.5	32.5	0.699999988	22.29999924
0	-141.400558	60.78507424	8.789250374	9.394000053	-15.73750019	50	8.199999809	11.10000038	-13.5	53.79999924
0	-122.900558	39.78507424	14.40974998	27.03800011	3.748333454	5	14.39999962	29.70000076	5.599999905	5
0	-129.400558	59.28507424	10.49341679	17.16799927	-15.27683353	21	9.899999619	20.79999924	-12.89999962	22.5
0	-114.900558	40.28507424	16.1202507	28.37700081	-2.919333458	21	16.10000038	32.29999924	-0.300000012	21.29999924
0	-118.900558	53.28507424	9.840916634	14.46500015	-10.83750057	43	9.399999619	18.10000038	-8.699999809	47.29999924
0	-128.900558	58.78507424	10.493083	15.52799988	-15.63633347	19	9.899999619	19.29999924	-13.30000019	19.79999924
0	-120.400558	45.78507424	12.88624954	30.29299927	1.441333413	6	13.10000038	35.29999924	3.599999905	5.300000191
0	-112.400558	53.78507424	12.24125004	22.27799988	-12.81999969	12	11.69999981	25.79999924	-10.30000019	13
0	-117.900558	47.78507424	12.15758324	28.84600067	-2.038500071	18	12.39999962	34.29999924	0.300000012	15.80000019
0	-118.400558	51.28507424	8.426083565	19.4279995	-7.413166523	81	8.199999809	23.89999962	-5.5	85.5
0	-151.900558	63.28507424	11.69108391	20.82500076	-19.35516739	17	10.69999981	22.70000076	-15.19999981	18
0	-137.900558	61.28507424	11.37641621	15.11200047	-17.63416672	12	10.60000038	16.70000076	-15	13.30000019
0	-120.900558	37.78507424	14.80150032	33.94599915	8.275166512	1	14.89999962	36.79999924	10.19999981	1
0	-116.400558	33.78507424	17.67966652	41.81800079	14.01783371	1	17.70000076	44.70000076	16	1
0	-115.900558	40.78507424	16.80466652	31.8220005	-2.165166855	10	16.79999924	35.90000153	0.400000006	9.5
0	-121.900558	42.28507424	15.0583334	28.1060009	-0.639833331	8	15.19999981	31.79999924	1.299999952	8.300000191
0	-115.400558	37.28507424	17.20741653	33.57400131	2.512500048	7	17.20000076	37	5.099999905	7.300000191
0	-120.900558	45.28507424	13.54891682	29.30800056	1.082666755	9	13.80000019	34.09999847	3.099999905	7.800000191
0	-140.400558	61.28507424	9.764583588	8.463999748	-19.33966637	27	9.199999809	10.39999962	-16.89999962	29.29999924
0	-127.900558	52.28507424	5.914236069	17.72604179	1.893055558	128	5.800000191	21.10000038	3.900000095	114
0	-115.400558	50.78507424	11.53866673	16.56800079	-11.73083305	46	11.30000019	20.79999924	-9.699999809	50.5
0	-123.400558	55.78507424	10.22366714	17.14100075	-11.46350002	32	9.600000381	19.79999924	-9.199999809	34.79999924
0	-113.900558	37.78507424	18.53325081	32.97800064	-0.578666747	10	18.60000038	36.5	2	10
0	-121.900558	44.78507424	11.2298336	22.60899925	-0.577500045	26	11.39999962	26.79999924	1.399999976	23
0	-115.900558	40.28507424	16.41474915	31.78999901	-1.724166632	14	16.39999962	35.70000076	0.899999976	13.80000019
0	-119.900558	53.78507424	9.7134161	16.07999992	-9.03133297	45	9.100000381	19.39999962	-6.900000095	48.79999924
0	-148.400558	64.78507424	11.30183315	22.35400009	-19.99900055	6	10.5	24.29999924	-16.10000038	6
0	-113.900558	43.28507424	15.77366638	30.64599991	-5.560666561	12	15.5	34.90000153	-3.299999952	12.80000019
0	-114.900558	40.78507424	17.20141602	30.68000031	-3.102499962	13	17.10000038	34.70000076	-0.5	13.30000019
0	-119.900558	47.28507424	12.61149979	30.29999924	-1.292666674	6	12.89999962	35.40000153	0.899999976	5.300000191
0	-120.400558	52.28507424	9.175583839	18.38100052	-7.664333344	55	8.699999809	22.20000076	-5.599999905	58.5
0	-135.400558	59.78507424	9.278749466	14.93799973	-12.4873333	23	8.699999809	18.20000076	-10.10000038	25
0	-126.400558	54.78507424	10.75541687	19.69499969	-8.911167145	22	10.19999981	22.89999962	-6.699999809	22.79999924
0	-127.900558	50.78507424	6.196750164	17.31900024	2.473166704	89	6.199999809	20.39999962	4.300000191	76.30000305
0	-134.900558	59.78507424	10.07658386	17.19000053	-12.91966629	20	9.5	20.79999924	-10.5	21.29999924
0	-111.900558	53.28507424	11.5969162	22.60499954	-12.99199963	12	11.10000038	26.29999924	-10.39999962	13
0	-111.400558	40.28507424	14.71150017	25.64599991	-4.737999916	28	14.5	29.39999962	-2.299999952	26.29999924
0	-110.900558	45.78507424	13.23483372	24.74799919	-4.913166523	23	13	28.79999924	-2.700000048	24.79999924
0	-128.400558	57.28507424	10.45374966	15.1960001	-12.78800011	25	9.899999619	19.39999962	-10.5	27
0	-154.400558	59.28507424	8.557999611	17.45999908	-7.671833038	56	7.800000191	19.89999962	-3.900000095	61
0	-124.400558	49.28507424	8.377333641	22.89599991	3.526333332	26	8.5	26.79999924	5.400000095	21.29999924
0	-132.900558	53.78507424	4.271999836	14.92399979	2.401000023	91	4.199999809	17.5	4.099999905	84.5
0	-127.400558	55.78507424	10.21191692	16.29899979	-10.17599964	33	9.699999809	19.5	-7.900000095	35.29999924
0	-112.400558	44.78507424	13.79683304	22.45199966	-8.095999718	18	13.5	26.29999924	-5.900000095	19.29999924
0	-115.400558	38.28507424	17.42724991	32.73400116	0.044999916	14	17.39999962	36.29999924	2.700000048	13
0	-116.400558	38.28507424	17.30108261	31.06200027	-0.864499986	11	17.29999924	34.5	1.700000048	10.80000019
0	-111.400558	42.28507424	16.37291718	28.12800026	-8.641666412	23	16.10000038	32	-6.400000095	23.79999924
0	-120.900558	38.78507424	14.40333366	33.55200195	7.65199995	4	14.5	36.70000076	9.699999809	4.300000191
0	-122.400558	55.28507424	9.606082916	17.30699921	-9.73366642	40	9	20	-7.5	43.29999924
0	-116.900558	47.28507424	12.18366623	27.375	-1.542500019	24	12.30000019	32.70000076	0.699999988	20.79999924
